0.000010 0.000010 0.000010 0.000010 0.000010 0.000010 0.000010 0.000010 0.000010 0.000010 0.000010 0.000010 0.523276 0.000010 0.000010 0.000010 0.000010 0.000010 0.058456 0.078883 0.000010 0.000010 0.000010 0.339164 0.000010 0.000010
0.000010 0.000010 0.000010 0.000010 0.000010 0.110726 0.000010 0.000010 0.000010 0.000010 0.000010 0.000010 0.495201 0.000010 0.000010 0.000010 0.000010 0.000010 0.000010 0.000010 0.000010 0.000010 0.000010 0.000010 0.393844 0.000010
0.000010 0.000010 0.000010 0.000010 0.000010 0.120551 0.000010 0.000010 0.000010 0.000010 0.000010 0.000010 0.495386 0.000010 0.000010 0.025361 0.000010 0.000010 0.000010 0.000010 0.000010 0.000010 0.000010 0.358482 0.000010 0.000010
0.000010 0.000010 0.000010 0.000010 0.000010 0.000010 0.000010 0.000010 0.000010 0.000010 0.000010 0.000010 0.485002 0.000010 0.000010 0.000010 0.205808 0.000010 0.243461 0.000010 0.000010 0.000010 0.000010 0.065509 0.000010 0.000010
0.000010 0.000010 0.000010 0.000010 0.005575 0.000010 0.000010 0.000010 0.000010 0.000010 0.000010 0.000010 0.499250 0.000010 0.000010 0.113846 0.000010 0.000010 0.043336 0.000010 0.000010 0.000010 0.000010 0.050009 0.287784 0.000010
0.000010 0.000010 0.000010 0.000010 0.042371 0.000010 0.000010 0.000010 0.000010 0.000010 0.000010 0.000010 0.477791 0.000010 0.000010 0.000010 0.000010 0.000010 0.012686 0.029544 0.000010 0.000010 0.000010 0.166780 0.270628 0.000010
0.000010 0.000010 0.000010 0.054692 0.075786 0.000010 0.000010 0.000010 0.000010 0.000010 0.000010 0.000010 0.385482 0.000010 0.000010 0.183387 0.000010 0.000010 0.031431 0.086127 0.000010 0.000010 0.000010 0.000010 0.182905 0.000010
0.000010 0.000010 0.000010 0.000010 0.000010 0.000010 0.000010 0.000010 0.000010 0.000010 0.000010 0.000010 0.519654 0.000010 0.000010 0.042622 0.000010 0.000010 0.000017 0.000010 0.000010 0.000010 0.000010 0.080641 0.356856 0.000010
0.000010 0.000010 0.000010 0.097881 0.000010 0.013851 0.000010 0.000010 0.000010 0.000010 0.000010 0.000010 0.410385 0.000010 0.000010 0.132258 0.000010 0.000010 0.048772 0.000010 0.000010 0.000010 0.000010 0.213256 0.083407 0.000010
0.000010 0.000010 0.000010 0.000010 0.045239 0.000010 0.000010 0.000010 0.000010 0.000010 0.000010 0.000010 0.481624 0.000010 0.000010 0.000010 0.000010 0.000010 0.000010 0.000010 0.000010 0.000010 0.000010 0.000010 0.472906 0.000010
0.000010 0.000010 0.000010 0.000010 0.066464 0.000010 0.000010 0.000010 0.000010 0.000010 0.000010 0.000010 0.451781 0.000010 0.000010 0.211853 0.000010 0.000010 0.029217 0.240475 0.000010 0.000010 0.000010 0.000010 0.000010 0.000010
0.000010 0.000010 0.000010 0.000010 0.000010 0.000010 0.000010 0.000010 0.000010 0.000010 0.000010 0.000010 0.524988 0.000010 0.000010 0.000010 0.000010 0.000010 0.000010 0.204530 0.000010 0.000010 0.000010 0.141077 0.129185 0.000010
0.000010 0.000010 0.000010 0.000010 0.000010 0.000010 0.000010 0.000010 0.000010 0.000010 0.000010 0.000010 0.508028 0.000010 0.000010 0.203268 0.000010 0.000010 0.068857 0.219628 0.000010 0.000010 0.000010 0.000010 0.000010 0.000010
0.000010 0.000010 0.000010 0.000010 0.020608 0.000010 0.000010 0.000010 0.000010 0.000010 0.000010 0.000010 0.456788 0.000010 0.000010 0.049335 0.019524 0.000010 0.190779 0.258790 0.000010 0.000010 0.000010 0.003985 0.000010 0.000010
0.000010 0.000010 0.000010 0.020976 0.009331 0.042729 0.000010 0.000010 0.000010 0.000010 0.000010 0.000010 0.461142 0.000010 0.000010 0.357203 0.000010 0.000010 0.108420 0.000010 0.000010 0.000010 0.000010 0.000010 0.000010 0.000010
0.000010 0.000010 0.000010 0.000010 0.000010 0.000010 0.000010 0.000010 0.000010 0.000010 0.000010 0.000010 0.523964 0.000010 0.000010 0.000010 0.000010 0.000010 0.000010 0.216094 0.000010 0.000010 0.000010 0.000010 0.259712 0.000010
0.000010 0.000010 0.000010 0.000010 0.000010 0.000010 0.000010 0.000010 0.000010 0.000010 0.000010 0.000010 0.542829 0.000010 0.000010 0.000010 0.000010 0.000010 0.000010 0.000010 0.000010 0.000010 0.000010 0.061073 0.395867 0.000010
0.000010 0.000010 0.000010 0.059252 0.123991 0.223195 0.000010 0.000010 0.000010 0.000010 0.000010 0.000010 0.314364 0.000010 0.000010 0.017426 0.000010 0.000010 0.000010 0.000010 0.000010 0.000010 0.000010 0.000010 0.261571 0.000010
0.000010 0.000010 0.000010 0.000010 0.019189 0.000010 0.000010 0.000010 0.000010 0.000010 0.000010 0.000010 0.480364 0.000010 0.000010 0.000010 0.266298 0.000010 0.028786 0.000010 0.000010 0.000010 0.000010 0.000010 0.205153 0.000010
0.000010 0.000010 0.000010 0.000010 0.000010 0.000010 0.000010 0.000010 0.000010 0.000010 0.000010 0.000010 0.522935 0.000010 0.000010 0.000010 0.415697 0.000010 0.008236 0.000010 0.000010 0.000010 0.000010 0.052911 0.000010 0.000010
0.000010 0.000010 0.000313 0.000010 0.000010 0.000010 0.000010 0.000010 0.000010 0.000010 0.000010 0.000010 0.517831 0.000010 0.000010 0.000010 0.000010 0.000010 0.000010 0.000010 0.000010 0.000010 0.000010 0.000010 0.481626 0.000010
0.000010 0.000010 0.000010 0.031667 0.030755 0.000010 0.000010 0.000010 0.000010 0.000010 0.000010 0.000010 0.435412 0.000010 0.000010 0.000010 0.366741 0.000010 0.081114 0.000010 0.000010 0.000010 0.000010 0.004779 0.049343 0.000010
0.000010 0.000010 0.000010 0.000010 0.000010 0.000010 0.000010 0.000010 0.000010 0.000010 0.000010 0.000010 0.519271 0.000010 0.000010 0.000010 0.256213 0.000010 0.021260 0.000010 0.000010 0.000010 0.000010 0.000010 0.203036 0.000010
0.000010 0.000010 0.000010 0.000010 0.000010 0.000010 0.000010 0.000010 0.000010 0.000010 0.000010 0.000010 0.495515 0.000010 0.000010 0.000010 0.000010 0.000010 0.000010 0.260269 0.000010 0.000010 0.000010 0.000010 0.243986 0.000010
0.000010 0.000010 0.000010 0.023691 0.000010 0.000010 0.000010 0.000010 0.000010 0.000010 0.000010 0.000010 0.453082 0.000010 0.000010 0.366815 0.000010 0.000010 0.156192 0.000010 0.000010 0.000010 0.000010 0.000010 0.000010 0.000010
0.000010 0.000010 0.000010 0.000010 0.000010 0.000010 0.000010 0.000010 0.000010 0.000010 0.000010 0.000010 0.471345 0.000010 0.000010 0.000010 0.274761 0.000010 0.253664 0.000010 0.000010 0.000010 0.000010 0.000010 0.000010 0.000010
0.000010 0.000010 0.000010 0.000010 0.000010 0.160206 0.000010 0.000010 0.000010 0.000010 0.000010 0.000010 0.477697 0.000010 0.000010 0.122764 0.019319 0.000010 0.000010 0.219804 0.000010 0.000010 0.000010 0.000010 0.000010 0.000010
0.000010 0.000010 0.000010 0.083548 0.000010 0.056534 0.000010 0.000010 0.000010 0.000010 0.000010 0.000010 0.436243 0.000010 0.000010 0.168804 0.000010 0.000010 0.000010 0.000010 0.000010 0.000010 0.000010 0.119203 0.135467 0.000010
0.000010 0.000010 0.000010 0.071447 0.000010 0.000010 0.009049 0.000010 0.000010 0.000010 0.000010 0.000010 0.425752 0.000010 0.000010 0.351618 0.000010 0.000010 0.067569 0.000010 0.000010 0.000010 0.000010 0.074366 0.000010 0.000010
0.000010 0.000010 0.000010 0.070839 0.000403 0.000010 0.000010 0.000010 0.000010 0.000010 0.000010 0.000010 0.460419 0.000010 0.000010 0.362721 0.000010 0.000010 0.000010 0.000010 0.000010 0.000010 0.000010 0.000010 0.105409 0.000010
0.000010 0.000010 0.000010 0.009521 0.122368 0.000010 0.000010 0.000010 0.000010 0.000010 0.000010 0.000010 0.395592 0.000010 0.000010 0.110151 0.000010 0.000010 0.115998 0.000010 0.000010 0.000010 0.000010 0.106322 0.139858 0.000010
0.000010 0.000010 0.000010 0.096894 0.000010 0.140222 0.000010 0.000010 0.000010 0.000010 0.000010 0.000010 0.395152 0.000010 0.000013 0.116335 0.000010 0.000010 0.041337 0.000010 0.000010 0.000010 0.000010 0.091680 0.118186 0.000010
0.000010 0.000010 0.000010 0.072686 0.022739 0.055127 0.000010 0.000010 0.000010 0.000010 0.000010 0.000010 0.363067 0.000010 0.000010 0.000010 0.337728 0.000010 0.148454 0.000010 0.000010 0.000010 0.000010 0.000010 0.000010 0.000010
0.000010 0.000010 0.000010 0.207836 0.033279 0.000010 0.000010 0.000010 0.000010 0.000010 0.000010 0.000010 0.339133 0.000010 0.000010 0.201273 0.000010 0.000010 0.000010 0.000010 0.000010 0.000010 0.000010 0.000010 0.218269 0.000010
0.000010 0.000010 0.000010 0.137324 0.002486 0.000010 0.000010 0.000010 0.000010 0.000010 0.000010 0.000010 0.391922 0.000010 0.000010 0.092263 0.303271 0.000010 0.067900 0.000010 0.000010 0.000010 0.000010 0.004643 0.000010 0.000010
0.000010 0.000010 0.000010 0.032017 0.024895 0.010395 0.000010 0.000013 0.000010 0.000010 0.000010 0.000010 0.463148 0.000010 0.000010 0.201349 0.008160 0.000010 0.000010 0.259843 0.000010 0.000010 0.000010 0.000010 0.000010 0.000010
0.000010 0.000010 0.000010 0.000010 0.000010 0.000010 0.000010 0.000010 0.000010 0.000010 0.000010 0.000010 0.500529 0.000010 0.000010 0.000010 0.054183 0.000010 0.070694 0.175467 0.000010 0.000010 0.000010 0.145983 0.052945 0.000010
0.000010 0.000010 0.000010 0.255383 0.113027 0.000010 0.000010 0.000010 0.000010 0.000010 0.000010 0.000010 0.208634 0.000010 0.000010 0.000010 0.043880 0.000010 0.093540 0.130863 0.000010 0.000010 0.000010 0.000010 0.154482 0.000010
0.000010 0.000010 0.000010 0.117164 0.050182 0.087430 0.000010 0.000010 0.000010 0.000010 0.000010 0.000010 0.327642 0.000010 0.000010 0.044800 0.000010 0.000010 0.086780 0.282264 0.000010 0.000010 0.000010 0.003558 0.000010 0.000010
0.000010 0.000010 0.000010 0.000010 0.000010 0.000010 0.000010 0.000010 0.000010 0.000010 0.000010 0.000010 0.495460 0.000010 0.000010 0.000010 0.000010 0.000010 0.079531 0.231367 0.000010 0.000010 0.000010 0.070346 0.123086 0.000010
0.000010 0.000010 0.000010 0.043693 0.145478 0.000010 0.031793 0.000010 0.000010 0.000010 0.000010 0.000010 0.360689 0.000010 0.000010 0.254042 0.000010 0.000010 0.000010 0.000010 0.000010 0.000010 0.000010 0.000010 0.164106 0.000010
0.000010 0.000010 0.000010 0.017698 0.000010 0.000010 0.000010 0.000010 0.000010 0.000010 0.000010 0.000010 0.463077 0.000010 0.000010 0.476491 0.000010 0.000010 0.042514 0.000010 0.000010 0.000010 0.000010 0.000010 0.000010 0.000010
0.000010 0.000010 0.000010 0.020508 0.000010 0.000010 0.000010 0.000010 0.000010 0.000010 0.000010 0.000010 0.489047 0.000010 0.000010 0.000010 0.000010 0.000010 0.090846 0.000010 0.000010 0.000010 0.000010 0.000010 0.399379 0.000010
0.000010 0.000010 0.000010 0.084666 0.068858 0.000010 0.008674 0.000010 0.000010 0.000010 0.000017 0.000010 0.365091 0.000010 0.000010 0.000010 0.247614 0.000010 0.106347 0.000010 0.000010 0.000010 0.000010 0.000010 0.118552 0.000010
0.000010 0.000010 0.000010 0.042812 0.044115 0.000010 0.000010 0.000010 0.000010 0.000010 0.000010 0.000010 0.438800 0.000010 0.000010 0.000010 0.333092 0.000010 0.039331 0.000010 0.000010 0.000010 0.000010 0.069443 0.032216 0.000010
0.000010 0.000010 0.000010 0.000010 0.000010 0.000010 0.000010 0.000010 0.000010 0.000010 0.000010 0.000010 0.522385 0.000010 0.000010 0.335631 0.000010 0.000010 0.045135 0.000010 0.000010 0.000010 0.000010 0.025076 0.071564 0.000010
0.000010 0.000010 0.000010 0.065809 0.052471 0.000010 0.009366 0.000010 0.000010 0.000010 0.000010 0.000010 0.424277 0.006252 0.000010 0.227458 0.000010 0.000010 0.024647 0.000010 0.000010 0.000010 0.000010 0.000010 0.189540 0.000010
0.000010 0.000010 0.000010 0.053851 0.000010 0.167521 0.000010 0.000010 0.000010 0.000010 0.000010 0.000010 0.441307 0.000010 0.000010 0.275103 0.000010 0.000010 0.023097 0.000010 0.000010 0.000010 0.000012 0.000010 0.038918 0.000010
0.000010 0.000010 0.000010 0.055459 0.056895 0.017456 0.000010 0.000010 0.000010 0.000010 0.000010 0.000010 0.384060 0.000010 0.000010 0.067536 0.000010 0.000010 0.041785 0.000010 0.000010 0.000010 0.000010 0.108765 0.267864 0.000010
0.000010 0.000010 0.000010 0.062258 0.158399 0.000010 0.000010 0.000010 0.000010 0.000010 0.000010 0.000010 0.338373 0.000010 0.000010 0.009185 0.016607 0.000010 0.026082 0.266491 0.000010 0.000010 0.000010 0.000010 0.122425 0.000010
0.000010 0.000010 0.000010 0.041646 0.098514 0.000010 0.000010 0.000010 0.000010 0.000010 0.000010 0.000010 0.348269 0.000010 0.000010 0.031816 0.346459 0.000010 0.133096 0.000010 0.000010 0.000010 0.000010 0.000010 0.000010 0.000010
0.000010 0.000010 0.000010 0.000010 0.000605 0.000010 0.002671 0.000010 0.000010 0.000010 0.000010 0.000010 0.484517 0.000010 0.000010 0.000010 0.307361 0.000010 0.050164 0.007807 0.000010 0.000010 0.000010 0.015558 0.131137 0.000010
0.000010 0.000010 0.000010 0.034140 0.000010 0.000010 0.000010 0.000010 0.000010 0.000010 0.000010 0.000010 0.463717 0.000010 0.000010 0.000010 0.343219 0.000010 0.000010 0.015296 0.000010 0.000010 0.000010 0.000010 0.143419 0.000010
0.000010 0.000010 0.000010 0.000010 0.000010 0.000010 0.009967 0.003789 0.000010 0.000010 0.000010 0.000010 0.513470 0.000010 0.000010 0.000010 0.339573 0.000010 0.000010 0.000010 0.000010 0.000010 0.000010 0.000010 0.132990 0.000010
0.000010 0.000010 0.000010 0.039808 0.129606 0.090729 0.000010 0.000010 0.000010 0.000010 0.000010 0.000010 0.363961 0.000010 0.000010 0.005746 0.289311 0.000010 0.070156 0.000010 0.000010 0.000012 0.000010 0.010501 0.000010 0.000010
0.000010 0.000010 0.000010 0.000010 0.573342 0.000010 0.000010 0.000010 0.000010 0.000010 0.000010 0.000010 0.000010 0.000010 0.000010 0.194674 0.000010 0.000010 0.000010 0.162692 0.000010 0.000010 0.000010 0.069072 0.000010 0.000010
0.000010 0.000010 0.005550 0.000010 0.550215 0.000010 0.000010 0.000010 0.000010 0.000010 0.000010 0.000010 0.049793 0.000010 0.000010 0.131754 0.000010 0.000010 0.000010 0.000010 0.000010 0.000010 0.000010 0.069566 0.192922 0.000010
0.000010 0.000010 0.000010 0.038522 0.500894 0.000010 0.000010 0.000010 0.000010 0.000010 0.000010 0.000010 0.054576 0.000010 0.000010 0.095371 0.000010 0.000010 0.000010 0.172542 0.000010 0.000010 0.000010 0.025266 0.112639 0.000010
0.000010 0.000010 0.000010 0.000010 0.566126 0.110860 0.000010 0.000010 0.000010 0.000010 0.000010 0.000010 0.000010 0.000010 0.000010 0.078500 0.238145 0.000010 0.000010 0.006159 0.000010 0.000010 0.000010 0.000010 0.000010 0.000010
0.000010 0.000010 0.000010 0.000010 0.565926 0.000010 0.000010 0.000010 0.000010 0.000010 0.000010 0.000010 0.000010 0.000010 0.000010 0.281724 0.000010 0.000010 0.089655 0.000010 0.000010 0.000010 0.000010 0.062475 0.000010 0.000010
0.000010 0.000010 0.000010 0.000010 0.394275 0.000010 0.000010 0.000010 0.000010 0.000010 0.000010 0.000010 0.187333 0.000010 0.000010 0.000010 0.011832 0.000010 0.029168 0.000010 0.000010 0.000010 0.000010 0.067549 0.309642 0.000010
0.000010 0.000010 0.000010 0.000010 0.543511 0.088996 0.000010 0.000010 0.000010 0.000010 0.000010 0.000010 0.029093 0.000010 0.000010 0.000010 0.000010 0.000010 0.000010 0.000010 0.000010 0.000010 0.000010 0.000010 0.338180 0.000010
0.000010 0.000010 0.000010 0.000010 0.436772 0.000010 0.000010 0.000010 0.000010 0.000010 0.000010 0.000010 0.136558 0.000010 0.000010 0.329506 0.000010 0.000010 0.000010 0.000010 0.000010 0.000010 0.000010 0.096944 0.000010 0.000010
0.000010 0.000010 0.000010 0.152427 0.416436 0.000010 0.041808 0.000010 0.000010 0.000010 0.000010 0.000010 0.004073 0.000010 0.000010 0.023630 0.000010 0.000010 0.000010 0.059722 0.000010 0.000010 0.000010 0.000010 0.301713 0.000010
0.000010 0.000010 0.000010 0.012487 0.595397 0.121631 0.000010 0.000010 0.000010 0.000010 0.000010 0.000010 0.000010 0.000010 0.000010 0.231045 0.000010 0.000010 0.010596 0.000010 0.000010 0.000010 0.000010 0.028643 0.000010 0.000010
0.000010 0.000010 0.000010 0.000010 0.564360 0.000010 0.000010 0.000010 0.000010 0.000010 0.000010 0.000010 0.031790 0.000010 0.000010 0.403239 0.000010 0.000010 0.000010 0.000391 0.000010 0.000010 0.000010 0.000010 0.000010 0.000010
0.000010 0.000010 0.000010 0.000010 0.573255 0.000010 0.000010 0.000010 0.000010 0.000010 0.000010 0.000010 0.000010 0.000010 0.000010 0.000010 0.000010 0.000010 0.129619 0.042600 0.000010 0.000010 0.000010 0.039604 0.214711 0.000010
0.000010 0.000010 0.000010 0.005680 0.524316 0.000010 0.000010 0.000010 0.000010 0.000010 0.000010 0.000010 0.038974 0.000010 0.000010 0.177120 0.000010 0.000010 0.105844 0.147867 0.000010 0.000010 0.000010 0.000010 0.000010 0.000010
0.000010 0.000010 0.000010 0.000010 0.568529 0.173587 0.000010 0.000010 0.000010 0.000010 0.000010 0.000010 0.000010 0.000010 0.000010 0.117413 0.000010 0.000010 0.000010 0.000010 0.000010 0.000010 0.000010 0.000010 0.140251 0.000010
0.000010 0.000010 0.000010 0.000010 0.447665 0.000010 0.000010 0.000010 0.000010 0.000010 0.000010 0.000010 0.103037 0.000010 0.000010 0.233997 0.000010 0.000010 0.082335 0.000010 0.000010 0.000010 0.000010 0.132756 0.000010 0.000010
0.000010 0.000010 0.000010 0.000010 0.450969 0.000010 0.000010 0.000010 0.005533 0.000010 0.000010 0.000010 0.123529 0.000010 0.000010 0.000010 0.000010 0.000010 0.000010 0.064464 0.000010 0.000010 0.000010 0.096106 0.259199 0.000010
0.000010 0.000010 0.000010 0.006241 0.372036 0.000010 0.000010 0.000010 0.000010 0.000010 0.000010 0.000010 0.171261 0.000010 0.000010 0.336818 0.000010 0.000010 0.108876 0.000010 0.000010 0.000010 0.000010 0.004569 0.000010 0.000010
0.000010 0.000010 0.000010 0.000010 0.000010 0.000010 0.004562 0.000010 0.000010 0.000010 0.000010 0.000010 0.498061 0.000010 0.000010 0.334736 0.000010 0.000010 0.000019 0.000010 0.000010 0.000010 0.000010 0.104357 0.058065 0.000010
0.000010 0.000010 0.000010 0.000010 0.000010 0.000010 0.012864 0.000010 0.000010 0.000010 0.000010 0.000010 0.500848 0.000010 0.000010 0.000010 0.048228 0.000010 0.000010 0.072531 0.000010 0.000010 0.003156 0.000010 0.362173 0.000010
0.000010 0.000010 0.000010 0.038092 0.000010 0.000010 0.000010 0.000010 0.000010 0.000010 0.000010 0.000010 0.437138 0.000010 0.000010 0.300352 0.000010 0.000010 0.097721 0.000010 0.000010 0.000010 0.000010 0.000010 0.126487 0.000010
0.000010 0.000010 0.000010 0.002164 0.000010 0.000010 0.018711 0.000010 0.000010 0.000010 0.000010 0.000010 0.497235 0.000010 0.000010 0.233422 0.000010 0.000010 0.000010 0.000010 0.000010 0.000010 0.000010 0.007534 0.240734 0.000010
0.000010 0.000010 0.000010 0.000010 0.000010 0.000010 0.000010 0.000010 0.000010 0.000010 0.000010 0.000010 0.505416 0.000010 0.000010 0.264092 0.000010 0.000010 0.000010 0.000010 0.000010 0.000010 0.000010 0.192228 0.038044 0.000010
0.000010 0.000010 0.000010 0.000010 0.000010 0.000010 0.000010 0.000010 0.000010 0.000010 0.000010 0.000010 0.530935 0.000010 0.000010 0.000010 0.000010 0.000010 0.000010 0.261155 0.000010 0.000010 0.000010 0.000010 0.207679 0.000010
0.000010 0.000010 0.000010 0.148782 0.076999 0.000010 0.002976 0.000010 0.000010 0.000010 0.000010 0.000010 0.315598 0.000010 0.000010 0.000010 0.000010 0.000010 0.025954 0.313604 0.000010 0.000010 0.000010 0.000010 0.115897 0.000010
0.000010 0.000010 0.000010 0.000010 0.050498 0.000010 0.039937 0.000010 0.000010 0.000010 0.000010 0.000010 0.465359 0.000010 0.000010 0.258280 0.000010 0.000010 0.000010 0.011531 0.000010 0.000010 0.000010 0.000010 0.174196 0.000010
0.000010 0.000013 0.000010 0.028127 0.000010 0.000010 0.000010 0.000010 0.000010 0.000010 0.000010 0.000010 0.492360 0.000010 0.000010 0.203132 0.228814 0.000010 0.000010 0.047353 0.000010 0.000010 0.000010 0.000010 0.000010 0.000010
0.000010 0.000010 0.000010 0.047125 0.000010 0.000010 0.000010 0.000010 0.000010 0.000010 0.000010 0.000010 0.439150 0.000010 0.000010 0.425317 0.000010 0.000010 0.088187 0.000010 0.000010 0.000010 0.000010 0.000010 0.000010 0.000010
0.000010 0.000010 0.000010 0.046804 0.012245 0.016218 0.000010 0.000010 0.000010 0.000010 0.000010 0.000010 0.452404 0.000010 0.000010 0.002433 0.302504 0.000010 0.040995 0.030387 0.000010 0.000010 0.000010 0.095841 0.000010 0.000010
0.000010 0.000010 0.000010 0.000010 0.000010 0.000010 0.000010 0.000010 0.000010 0.000010 0.000010 0.000010 0.514478 0.000010 0.000010 0.000010 0.233020 0.000010 0.000010 0.054493 0.000010 0.000010 0.000010 0.028887 0.168911 0.000010
0.000010 0.000010 0.000010 0.000010 0.000010 0.084764 0.000010 0.000010 0.000010 0.000010 0.000010 0.000010 0.496988 0.000010 0.000010 0.000010 0.317616 0.000010 0.000010 0.023626 0.000010 0.000010 0.000010 0.076796 0.000010 0.000010
0.000010 0.000010 0.000010 0.000010 0.000010 0.000010 0.000010 0.000010 0.000010 0.000010 0.000010 0.000010 0.491165 0.000010 0.000010 0.056914 0.283902 0.000010 0.059467 0.108341 0.000010 0.000010 0.000010 0.000010 0.000010 0.000010
0.000010 0.000010 0.000010 0.084787 0.063192 0.000010 0.000010 0.000010 0.000010 0.000010 0.000010 0.000010 0.372668 0.000010 0.000010 0.129807 0.006135 0.000010 0.055001 0.171992 0.000010 0.000010 0.000010 0.000010 0.116238 0.000010
0.000010 0.000010 0.000010 0.000010 0.000010 0.000010 0.000015 0.000010 0.000010 0.000010 0.000010 0.000010 0.495033 0.000010 0.000010 0.201537 0.000010 0.000010 0.164238 0.138967 0.000010 0.000010 0.000010 0.000010 0.000010 0.000010
0.000010 0.000010 0.000010 0.021531 0.000010 0.000010 0.000010 0.000010 0.000010 0.000010 0.000010 0.000010 0.493057 0.000010 0.000010 0.027693 0.000010 0.000010 0.000010 0.258861 0.000010 0.000010 0.000010 0.198648 0.000010 0.000010
0.000010 0.000010 0.000010 0.000010 0.000010 0.000010 0.000010 0.000010 0.000010 0.000010 0.000010 0.000010 0.498114 0.000010 0.000010 0.080730 0.000010 0.000010 0.062667 0.267799 0.000010 0.000010 0.000010 0.090481 0.000010 0.000010
0.000010 0.000010 0.000010 0.000010 0.000010 0.000010 0.000010 0.000010 0.000010 0.000010 0.000010 0.000010 0.514358 0.000010 0.000010 0.000010 0.009109 0.000010 0.075748 0.147764 0.000010 0.000010 0.000010 0.009132 0.243689 0.000010
0.005443 0.000010 0.000010 0.000010 0.000010 0.000010 0.000010 0.000010 0.000010 0.000010 0.000010 0.000010 0.540861 0.000010 0.000010 0.000010 0.007147 0.000010 0.000010 0.236960 0.000010 0.000010 0.000010 0.075524 0.133865 0.000010
0.000010 0.000010 0.000010 0.000010 0.000010 0.000010 0.000010 0.000010 0.000010 0.000010 0.000010 0.000010 0.476187 0.000010 0.000010 0.083703 0.253510 0.000010 0.186379 0.000010 0.000010 0.000010 0.000010 0.000010 0.000010 0.000010
0.000010 0.000010 0.000010 0.061351 0.056104 0.000010 0.000010 0.000010 0.000010 0.000010 0.000010 0.000010 0.384983 0.000010 0.000010 0.032261 0.019013 0.000010 0.178712 0.264293 0.000010 0.000010 0.000010 0.000010 0.003103 0.000010
0.000010 0.000010 0.000010 0.048911 0.000010 0.000010 0.003453 0.000010 0.000010 0.000010 0.000010 0.000010 0.467627 0.000010 0.000010 0.000010 0.000010 0.000010 0.000010 0.327089 0.000010 0.000010 0.000010 0.152710 0.000010 0.000010
0.000010 0.000010 0.000010 0.039991 0.072405 0.000010 0.000010 0.000010 0.000010 0.000010 0.000010 0.000010 0.409116 0.000010 0.000010 0.046255 0.338596 0.000010 0.000010 0.050466 0.000010 0.000010 0.000010 0.000010 0.042982 0.000010
0.000010 0.000010 0.000010 0.000010 0.000010 0.108650 0.000010 0.000010 0.000010 0.000010 0.000010 0.000010 0.480090 0.000010 0.000010 0.167070 0.000010 0.000010 0.000010 0.208708 0.000010 0.000010 0.000010 0.035272 0.000010 0.000010
0.000010 0.000010 0.000010 0.148281 0.158625 0.000010 0.000010 0.000010 0.000010 0.000017 0.000010 0.000010 0.281262 0.000010 0.000010 0.051105 0.000010 0.000010 0.047260 0.186646 0.000010 0.000010 0.000010 0.000010 0.126624 0.000010
0.000010 0.000010 0.000010 0.058091 0.024987 0.000010 0.000010 0.000010 0.000010 0.000010 0.000010 0.000010 0.409775 0.000010 0.000010 0.000010 0.000010 0.000010 0.164213 0.269923 0.000010 0.000010 0.000010 0.014876 0.057944 0.000010
0.000010 0.000010 0.000010 0.000010 0.000010 0.108795 0.000010 0.000010 0.000010 0.000010 0.000010 0.000010 0.478304 0.000010 0.000010 0.023227 0.389454 0.000010 0.000010 0.000010 0.000010 0.000010 0.000010 0.000010 0.000010 0.000010
0.000010 0.000010 0.000010 0.080001 0.014966 0.000010 0.000010 0.000010 0.000010 0.000010 0.000010 0.000010 0.411072 0.000010 0.000010 0.000010 0.035726 0.000010 0.000010 0.189265 0.000010 0.000010 0.000010 0.025313 0.243467 0.000010
0.000010 0.000010 0.007602 0.000010 0.000010 0.000010 0.000010 0.000010 0.000010 0.000010 0.000010 0.000010 0.492188 0.000010 0.000010 0.040481 0.378963 0.000010 0.080556 0.000010 0.000010 0.000010 0.000010 0.000010 0.000010 0.000010
0.000010 0.000010 0.000010 0.000010 0.000010 0.000010 0.000010 0.000010 0.000010 0.000010 0.000010 0.000010 0.511475 0.000010 0.000010 0.000010 0.267002 0.000010 0.000010 0.029734 0.000010 0.000010 0.000010 0.191569 0.000010 0.000010
0.000010 0.000010 0.000010 0.006837 0.578642 0.000010 0.000010 0.000010 0.000010 0.000010 0.000010 0.000010 0.035344 0.000010 0.000010 0.034430 0.000010 0.000010 0.000010 0.000010 0.000010 0.000010 0.000010 0.086476 0.258072 0.000010
0.000010 0.000010 0.000010 0.000010 0.534046 0.000010 0.000010 0.000010 0.000010 0.000010 0.000010 0.000010 0.012373 0.000010 0.000010 0.334408 0.000010 0.000010 0.118954 0.000010 0.000010 0.000010 0.000010 0.000010 0.000010 0.000010
0.000010 0.000010 0.000010 0.000010 0.404612 0.097806 0.000010 0.000010 0.000010 0.000010 0.000010 0.000010 0.144169 0.000010 0.000010 0.000010 0.013022 0.000010 0.000010 0.139481 0.000010 0.000010 0.000010 0.007551 0.193170 0.000010
0.000010 0.000010 0.000010 0.000010 0.627740 0.000010 0.000010 0.000010 0.000010 0.000010 0.000010 0.000010 0.000010 0.000010 0.000010 0.007068 0.000010 0.000010 0.000010 0.000010 0.000010 0.000010 0.000010 0.000010 0.364962 0.000010
0.000010 0.000010 0.000010 0.000010 0.626007 0.000010 0.000010 0.000010 0.000010 0.000010 0.000010 0.000010 0.000010 0.000010 0.000010 0.000010 0.000010 0.000010 0.000010 0.250654 0.000010 0.000010 0.000010 0.000010 0.123110 0.000010
0.000010 0.000010 0.000010 0.000010 0.572914 0.000010 0.000010 0.000010 0.000010 0.000010 0.000010 0.000010 0.000010 0.000010 0.000010 0.000010 0.247868 0.000010 0.064763 0.000010 0.000010 0.000010 0.000010 0.114234 0.000010 0.000010
0.000010 0.000010 0.000010 0.006539 0.423818 0.115815 0.000010 0.000010 0.000010 0.000010 0.000010 0.000010 0.093194 0.000010 0.000010 0.000010 0.000010 0.000010 0.000010 0.200595 0.000010 0.000010 0.000010 0.000010 0.159839 0.000010
0.000010 0.000010 0.000010 0.000010 0.555423 0.146943 0.000010 0.000010 0.000010 0.000010 0.000010 0.000010 0.000010 0.000010 0.000010 0.053117 0.020444 0.000010 0.024571 0.199302 0.000010 0.000010 0.000010 0.000010 0.000010 0.000010
0.000010 0.000010 0.000010 0.000010 0.422840 0.000010 0.000010 0.000010 0.000010 0.000010 0.000010 0.000010 0.149210 0.000010 0.000010 0.000010 0.028340 0.000010 0.000010 0.098961 0.000010 0.000010 0.000010 0.000010 0.300439 0.000010
0.000010 0.000010 0.000010 0.000010 0.602489 0.000010 0.000010 0.000010 0.000010 0.000010 0.000010 0.000010 0.000010 0.000010 0.000010 0.022260 0.000010 0.000010 0.000010 0.289263 0.000010 0.000010 0.000013 0.000010 0.085765 0.000010
0.000010 0.000010 0.000010 0.000010 0.291314 0.000010 0.000010 0.000356 0.000010 0.000010 0.000010 0.000010 0.235752 0.000010 0.000010 0.000010 0.005898 0.000010 0.000010 0.184121 0.000010 0.000010 0.000010 0.061756 0.220613 0.000010
0.000010 0.000010 0.000010 0.000010 0.554439 0.043679 0.000010 0.000010 0.000010 0.000010 0.000010 0.000010 0.008963 0.000010 0.000010 0.129706 0.023957 0.000010 0.000010 0.239055 0.000010 0.000010 0.000010 0.000010 0.000010 0.000010
0.000010 0.000010 0.000010 0.063468 0.504881 0.000010 0.000010 0.000010 0.000010 0.000010 0.000010 0.000010 0.000010 0.000010 0.000010 0.000010 0.018632 0.000010 0.004050 0.276017 0.000010 0.000010 0.000010 0.132752 0.000010 0.000010
0.000010 0.000010 0.005227 0.000010 0.589246 0.000010 0.000010 0.000010 0.000010 0.000010 0.000010 0.000010 0.000010 0.000010 0.000010 0.146455 0.055561 0.000010 0.000010 0.181585 0.000010 0.000010 0.000010 0.000010 0.021726 0.000010
0.000010 0.000010 0.000010 0.000010 0.524641 0.000010 0.000010 0.000010 0.000010 0.000010 0.000010 0.000010 0.070570 0.000010 0.000010 0.000010 0.012482 0.000010 0.000010 0.139787 0.000010 0.000010 0.000010 0.000010 0.252310 0.000010
0.000010 0.000010 0.000010 0.000010 0.522478 0.000010 0.000010 0.000010 0.000010 0.000010 0.000010 0.000010 0.031036 0.000010 0.000010 0.000010 0.091841 0.000010 0.100436 0.122553 0.000010 0.000010 0.000010 0.131456 0.000010 0.000010
0.000010 0.000010 0.000010 0.000010 0.556000 0.000010 0.000010 0.000010 0.000010 0.000010 0.000010 0.000010 0.000010 0.000010 0.000010 0.123630 0.122237 0.000010 0.055181 0.142743 0.000010 0.000010 0.000010 0.000010 0.000010 0.000010
0.000010 0.000010 0.000010 0.000010 0.623546 0.000010 0.000668 0.000010 0.000010 0.000010 0.000010 0.000010 0.000010 0.000010 0.000010 0.375556 0.000010 0.000010 0.000010 0.000010 0.000010 0.000010 0.000010 0.000010 0.000010 0.000010
0.000010 0.000010 0.000010 0.000010 0.596228 0.128569 0.000010 0.000010 0.000010 0.000010 0.000010 0.000010 0.000010 0.000010 0.000010 0.005232 0.000010 0.000010 0.000010 0.000010 0.000010 0.000010 0.000010 0.000010 0.269751 0.000010
0.000010 0.000010 0.000010 0.000010 0.579824 0.021972 0.000010 0.000010 0.000010 0.000010 0.000010 0.000010 0.000010 0.000010 0.000010 0.306566 0.000010 0.000010 0.036768 0.000010 0.000010 0.000010 0.000010 0.000010 0.054660 0.000010
0.000010 0.000010 0.000010 0.000010 0.374860 0.000010 0.000010 0.000010 0.000010 0.000010 0.000010 0.000010 0.183703 0.000010 0.000010 0.000010 0.322021 0.000010 0.000010 0.000010 0.000010 0.000010 0.000010 0.119195 0.000010 0.000010
0.000010 0.000010 0.000010 0.000010 0.575675 0.007323 0.000010 0.000010 0.000010 0.000010 0.000010 0.000010 0.000010 0.000010 0.000010 0.000010 0.282450 0.000010 0.005682 0.000010 0.000010 0.000010 0.000010 0.000010 0.128660 0.000010
0.000010 0.000010 0.000010 0.000010 0.589252 0.000010 0.000010 0.000010 0.000010 0.000010 0.000010 0.000010 0.011914 0.000010 0.000010 0.069148 0.000010 0.000010 0.030142 0.158581 0.000010 0.000010 0.000010 0.000010 0.140763 0.000010
0.000010 0.000010 0.000010 0.000010 0.376069 0.119513 0.000010 0.000010 0.000010 0.000010 0.000010 0.000010 0.166908 0.000010 0.000010 0.000010 0.009480 0.000010 0.000010 0.130508 0.000010 0.000010 0.000010 0.000010 0.197322 0.000010
0.000010 0.000010 0.000010 0.000010 0.448327 0.011752 0.000010 0.000010 0.000010 0.000010 0.000010 0.000010 0.148099 0.000010 0.000010 0.000010 0.254997 0.000010 0.000010 0.000010 0.000010 0.000010 0.000010 0.000010 0.136615 0.000010
0.000010 0.000010 0.000010 0.015835 0.571032 0.000010 0.000010 0.000010 0.000010 0.000010 0.000010 0.000010 0.000010 0.003087 0.000010 0.000010 0.034476 0.000010 0.000010 0.171135 0.000010 0.000010 0.000010 0.000010 0.204234 0.000010
0.000010 0.000010 0.000010 0.000010 0.501017 0.118092 0.000010 0.000010 0.000010 0.000010 0.000010 0.000010 0.026645 0.000010 0.000010 0.009360 0.000010 0.000010 0.000010 0.194581 0.000010 0.000010 0.000010 0.150105 0.000010 0.000010
0.000010 0.000010 0.000010 0.000010 0.513439 0.000010 0.000010 0.000010 0.000010 0.000010 0.000010 0.000010 0.068567 0.000010 0.000010 0.000018 0.048743 0.000010 0.045488 0.185973 0.000010 0.000010 0.000010 0.137581 0.000010 0.000010
0.000010 0.000010 0.000010 0.000010 0.548622 0.000010 0.000010 0.000010 0.000010 0.000010 0.000010 0.000010 0.037633 0.000010 0.000010 0.000010 0.059748 0.000010 0.000010 0.105623 0.000010 0.000010 0.008346 0.000010 0.239829 0.000010
0.000010 0.000010 0.000010 0.000010 0.447957 0.000010 0.000010 0.000010 0.000010 0.000010 0.000010 0.000010 0.102202 0.000010 0.000010 0.000010 0.011542 0.000010 0.045244 0.293093 0.000010 0.000010 0.000010 0.099762 0.000010 0.000010
0.000010 0.000010 0.000010 0.015225 0.549260 0.000010 0.006321 0.000010 0.000010 0.000010 0.000010 0.000010 0.030975 0.000010 0.000010 0.022602 0.000010 0.000010 0.000010 0.234695 0.000010 0.000010 0.000010 0.000010 0.140732 0.000010
0.000010 0.000010 0.000010 0.000010 0.591881 0.068027 0.000010 0.000010 0.000010 0.000010 0.000010 0.000010 0.000010 0.000010 0.000010 0.000010 0.012446 0.000010 0.000010 0.180799 0.000010 0.000010 0.000010 0.000010 0.146638 0.000010
0.000010 0.000010 0.000010 0.000010 0.617659 0.000010 0.000010 0.000010 0.000010 0.000010 0.000010 0.000010 0.000010 0.000010 0.000010 0.036303 0.046196 0.000010 0.000010 0.213731 0.000010 0.000010 0.000010 0.000010 0.085901 0.000010
0.000010 0.000010 0.000010 0.000010 0.601563 0.012618 0.000010 0.000010 0.000010 0.000010 0.000010 0.000010 0.000010 0.000010 0.000010 0.107852 0.067333 0.000010 0.000010 0.103399 0.000010 0.000010 0.000010 0.000010 0.107034 0.000010
0.000010 0.000010 0.000010 0.048007 0.526272 0.019755 0.000010 0.000010 0.000010 0.000010 0.000010 0.000010 0.005650 0.000010 0.000010 0.135575 0.064766 0.000010 0.063261 0.128731 0.000010 0.000010 0.000010 0.007813 0.000010 0.000010
0.000010 0.000010 0.000010 0.000010 0.529811 0.017882 0.000010 0.000010 0.000010 0.000010 0.000010 0.000010 0.052895 0.000010 0.000010 0.000010 0.000010 0.000010 0.000016 0.345494 0.000010 0.000010 0.000010 0.053702 0.000010 0.000010
0.000010 0.000010 0.000010 0.028176 0.517992 0.000010 0.000010 0.000010 0.000010 0.000010 0.000010 0.000010 0.056367 0.000010 0.000010 0.051303 0.028662 0.000010 0.000010 0.317301 0.000010 0.000010 0.000010 0.000010 0.000010 0.000010
0.000010 0.000010 0.000010 0.063271 0.434499 0.104458 0.000010 0.000010 0.000010 0.000010 0.000010 0.000010 0.055447 0.000010 0.000010 0.000010 0.080558 0.000010 0.000010 0.134327 0.000010 0.000010 0.000010 0.029366 0.097893 0.000010
0.000010 0.000010 0.000010 0.000010 0.499113 0.000010 0.000010 0.000010 0.000010 0.000010 0.000010 0.000010 0.072952 0.000010 0.000010 0.003337 0.010530 0.000010 0.134910 0.278957 0.000010 0.000010 0.000010 0.000010 0.000010 0.000010
0.000010 0.000010 0.000010 0.000012 0.498410 0.079158 0.000010 0.000010 0.000010 0.000010 0.000010 0.000010 0.064608 0.000010 0.000010 0.133939 0.019930 0.000010 0.000010 0.203754 0.000010 0.000010 0.000010 0.000010 0.000010 0.000010
0.000909 0.000010 0.000010 0.000010 0.456232 0.000010 0.002004 0.000010 0.000010 0.000010 0.000010 0.000010 0.137111 0.011017 0.000010 0.000010 0.000010 0.000010 0.000010 0.074961 0.000010 0.000010 0.000010 0.000010 0.317576 0.000010
0.000010 0.000010 0.000010 0.011491 0.482509 0.000010 0.000010 0.000010 0.000010 0.000010 0.000010 0.000010 0.086190 0.000010 0.000010 0.075657 0.075890 0.000010 0.015465 0.249127 0.000010 0.000010 0.000010 0.003492 0.000010 0.000010
0.000010 0.000010 0.000010 0.000010 0.487861 0.000010 0.000010 0.000010 0.000010 0.000010 0.000010 0.000010 0.089031 0.000010 0.000010 0.224438 0.000010 0.000010 0.007613 0.115520 0.000010 0.000010 0.000010 0.075338 0.000010 0.000010
0.000010 0.000010 0.000010 0.000010 0.561166 0.000010 0.000010 0.000010 0.000010 0.000010 0.000010 0.000010 0.021498 0.000010 0.000010 0.000010 0.022577 0.000010 0.000010 0.119623 0.000010 0.000010 0.000010 0.000010 0.274926 0.000010
0.000010 0.000010 0.000010 0.000010 0.340089 0.000010 0.000010 0.000010 0.000010 0.000010 0.000010 0.000010 0.246891 0.000010 0.000010 0.000010 0.000010 0.000010 0.000010 0.183980 0.000010 0.000010 0.000010 0.000010 0.228820 0.000010
0.000010 0.000010 0.000010 0.000010 0.606714 0.000010 0.000010 0.000010 0.000010 0.000010 0.000010 0.000010 0.003035 0.000010 0.000010 0.000010 0.039858 0.000010 0.020834 0.192028 0.000010 0.000010 0.000010 0.057052 0.080289 0.000010
0.000010 0.000010 0.000010 0.000010 0.498136 0.117629 0.000010 0.000010 0.000010 0.000010 0.000010 0.000010 0.080574 0.000011 0.000010 0.000010 0.080857 0.000010 0.000010 0.156482 0.000010 0.000010 0.000010 0.006091 0.060041 0.000010
0.000010 0.000010 0.000010 0.000010 0.331958 0.000010 0.000010 0.000010 0.000010 0.000010 0.000010 0.000010 0.140927 0.000010 0.000010 0.000010 0.000010 0.000010 0.258313 0.253650 0.000010 0.000010 0.000010 0.014942 0.000010 0.000010
0.000010 0.000010 0.000010 0.000010 0.561766 0.105354 0.000010 0.000010 0.000010 0.000010 0.000010 0.000010 0.000010 0.000010 0.000010 0.086932 0.018010 0.000010 0.000010 0.227728 0.000010 0.000010 0.000010 0.000010 0.000010 0.000010
0.000010 0.000010 0.000010 0.000010 0.567687 0.027587 0.000010 0.000010 0.000010 0.000010 0.000010 0.000010 0.026863 0.000010 0.000010 0.000010 0.038252 0.000010 0.000010 0.215228 0.000010 0.000010 0.000010 0.000010 0.124184 0.000010
0.000010 0.000010 0.000010 0.000010 0.197526 0.000010 0.000010 0.000010 0.000010 0.000010 0.000010 0.000010 0.339845 0.000010 0.000010 0.000010 0.023750 0.000010 0.023475 0.143421 0.000010 0.000010 0.000010 0.000010 0.271781 0.000010
0.000010 0.000010 0.000010 0.000010 0.453277 0.000010 0.000010 0.000010 0.007011 0.000010 0.000010 0.000010 0.130723 0.000010 0.000010 0.000010 0.006274 0.000010 0.025759 0.186667 0.000010 0.000010 0.000010 0.070855 0.119254 0.000010
0.000010 0.000010 0.005958 0.000010 0.518929 0.003770 0.000010 0.000010 0.000010 0.000010 0.000010 0.000010 0.070893 0.000010 0.000010 0.000010 0.000013 0.000010 0.000010 0.173399 0.000010 0.000010 0.000010 0.010981 0.215877 0.000010
0.000010 0.000010 0.000010 0.000010 0.542429 0.000010 0.000010 0.000010 0.000010 0.000010 0.000010 0.000010 0.037018 0.000010 0.000010 0.022481 0.000010 0.000010 0.000010 0.000010 0.000010 0.000010 0.000010 0.253993 0.143869 0.000010
0.000010 0.000010 0.000010 0.000010 0.359628 0.000010 0.000010 0.000010 0.000010 0.000010 0.000010 0.000010 0.220320 0.000010 0.000010 0.308525 0.000010 0.000010 0.000010 0.000010 0.000010 0.000010 0.000010 0.000010 0.111307 0.000010
0.000010 0.000010 0.000010 0.000010 0.400469 0.000010 0.000010 0.000010 0.000010 0.000010 0.000010 0.000010 0.166386 0.002888 0.000010 0.085533 0.000010 0.000010 0.000010 0.000010 0.000010 0.000010 0.000010 0.015172 0.329351 0.000010
0.000010 0.000010 0.000010 0.000010 0.509145 0.000010 0.011503 0.000010 0.000010 0.000010 0.000010 0.000010 0.066289 0.000010 0.000010 0.000010 0.004783 0.000010 0.000010 0.140782 0.000010 0.000010 0.000010 0.015498 0.251810 0.000010
0.000010 0.000010 0.000010 0.022367 0.415953 0.000010 0.000010 0.000010 0.000010 0.000010 0.000010 0.000010 0.133172 0.000010 0.000010 0.038195 0.000010 0.000010 0.000010 0.000010 0.000010 0.000010 0.000010 0.094869 0.295244 0.000010
0.000010 0.000010 0.000010 0.000010 0.450408 0.000010 0.000010 0.000010 0.000010 0.000010 0.000010 0.000010 0.137459 0.000010 0.000010 0.240696 0.000010 0.000010 0.000010 0.000010 0.000010 0.000010 0.000010 0.115586 0.055640 0.000010
0.000010 0.000010 0.000010 0.000010 0.508596 0.000010 0.000010 0.000010 0.000010 0.000010 0.000010 0.000010 0.036034 0.000010 0.000010 0.000010 0.314201 0.000010 0.140949 0.000010 0.000010 0.000010 0.000010 0.000010 0.000010 0.000010
0.000010 0.000010 0.000010 0.000010 0.626662 0.019608 0.000010 0.000010 0.000010 0.000010 0.000010 0.000010 0.000010 0.000010 0.000010 0.128585 0.000010 0.000010 0.032608 0.000010 0.000010 0.000010 0.000010 0.000010 0.192327 0.000010
0.000010 0.000010 0.000010 0.000010 0.365768 0.000010 0.000010 0.000010 0.000010 0.000010 0.000010 0.000010 0.186779 0.000010 0.000010 0.398194 0.000010 0.000010 0.000010 0.000010 0.000010 0.000010 0.000010 0.000010 0.049040 0.000010
0.000010 0.000010 0.000010 0.000010 0.604224 0.000010 0.000010 0.000010 0.000010 0.000010 0.000010 0.000010 0.000010 0.000010 0.000010 0.000010 0.146565 0.000010 0.000010 0.000010 0.000010 0.000010 0.000010 0.000010 0.248980 0.000010
0.000010 0.000010 0.000010 0.000010 0.408483 0.017672 0.000010 0.000010 0.000010 0.000010 0.000010 0.000010 0.161111 0.000010 0.000010 0.240457 0.000010 0.000010 0.067778 0.000010 0.000010 0.000010 0.000010 0.000010 0.104299 0.000010
0.000010 0.000010 0.000010 0.000010 0.637497 0.008964 0.000010 0.000010 0.000010 0.000010 0.000010 0.000010 0.000010 0.000010 0.000010 0.000010 0.000010 0.000010 0.003720 0.000010 0.000010 0.000010 0.000010 0.000010 0.349600 0.000010
0.000010 0.000010 0.000010 0.000010 0.576251 0.000010 0.000010 0.000010 0.000010 0.000010 0.000010 0.000010 0.020712 0.000010 0.000010 0.191269 0.000010 0.000010 0.000010 0.000010 0.000010 0.000010 0.000010 0.184902 0.026655 0.000010
0.000010 0.000010 0.000010 0.000010 0.513201 0.000010 0.000010 0.000010 0.000010 0.000010 0.000010 0.000010 0.016538 0.000010 0.000010 0.092869 0.301796 0.000010 0.075387 0.000010 0.000010 0.000010 0.000010 0.000010 0.000010 0.000010
